0.658805 -0.746824 0.0907179 
0.470113 -0.863462 0.182832 
0.249384 -0.937799 0.24154 
0.0116592 -0.964769 0.26284 
-0.226859 -0.942535 0.245281 
-0.449918 -0.872612 0.190059 
0.660445 -0.745321 0.0911535 
0.471933 -0.862316 0.18355 
0.25126 -0.937034 0.24256 
0.0134605 -0.964385 0.26416 
-0.225251 -0.942504 0.246879 
-0.448614 -0.872881 0.191895 
0.662109 -0.743775 0.0917125 
0.473764 -0.861131 0.184395 
0.253134 -0.936232 0.243706 
0.0152497 -0.963961 0.265605 
-0.223668 -0.942428 0.248599 
-0.447347 -0.8731 0.193848 
0.663793 -0.742187 0.0923952 
0.475605 -0.859907 0.185365 
0.255004 -0.935392 0.244979 
0.0170264 -0.963497 0.267176 
-0.222113 -0.942308 0.250441 
-0.446115 -0.873268 0.195917 
0.665498 -0.740558 0.0932012 
0.477453 -0.858645 0.186461 
0.25687 -0.934513 0.246378 
0.0187818 -0.962993 0.26887 
-0.220586 -0.942143 0.252404 
-0.444922 -0.873384 0.198102 
0.670716 -0.735428 0.0963587 
0.483029 -0.854631 0.190499 
0.262423 -0.931649 0.251325 
0.0239357 -0.961235 0.27469 
-0.216186 -0.941372 0.259003 
-0.441573 -0.873414 0.205333 
0.672485 -0.73364 0.0976568 
0.484892 -0.853218 0.192093 
0.264254 -0.930618 0.25322 
0.0256084 -0.960566 0.276872 
-0.214783 -0.94102 0.261436 
-0.440537 -0.873314 0.207965 
0.674264 -0.731814 0.0990771 
0.486754 -0.851767 0.193811 
0.266072 -0.929548 0.255238 
0.0272581 -0.959854 0.279173 
-0.213414 -0.940621 0.263983 
-0.439542 -0.873159 0.210705 
0.676055 -0.729949 0.100619 
0.488615 -0.85028 0.195651 
0.267876 -0.928439 0.257377 
0.0288822 -0.9591 0.281591 
-0.21208 -0.940172 0.266643 
-0.438589 -0.872947 0.213552 
0.677853 -0.728048 0.102282 
0.490471 -0.848757 0.197612 
0.269664 -0.927292 0.259636 
0.0304803 -0.958302 0.284126 
-0.210781 -0.939674 0.269415 
-0.437678 -0.872677 0.216503 
0.683279 -0.722127 0.107995 
0.495998 -0.843967 0.204219 
0.274916 -0.923616 0.267122 
0.0350984 -0.955646 0.292417 
-0.20711 -0.937875 0.278382 
-0.435205 -0.871512 0.225972 
0.685091 -0.720083 0.110138 
0.49782 -0.842299 0.206658 
0.276624 -0.922313 0.269849 
0.0365763 -0.954672 0.295405 
-0.205965 -0.937171 0.281583 
-0.434469 -0.871003 0.229327 
0.686903 -0.718005 0.112398 
0.49963 -0.840595 0.209214 
0.278308 -0.920969 0.27269 
0.0380194 -0.953652 0.298501 
-0.20486 -0.936414 0.284888 
-0.433778 -0.870432 0.232778 
0.688712 -0.715892 0.114776 
0.501425 -0.838855 0.211886 
0.279966 -0.919586 0.275644 
0.0394299 -0.952586 0.301705 
-0.203796 -0.935603 0.288294 
-0.433133 -0.869797 0.236323 
0.690516 -0.713747 0.117271 
0.503203 -0.83708 0.214673 
0.281598 -0.918163 0.278709 
0.0408021 -0.951473 0.305015 
-0.202775 -0.934738 0.291799 
-0.432533 -0.8691 0.239961 
0.695881 -0.707117 0.125441 
0.508421 -0.831543 0.223707 
0.286313 -0.913653 0.288554 
0.0446938 -0.947852 0.315562 
-0.199972 -0.931809 0.302892 
-0.43101 -0.866617 0.251407 
0.697646 -0.704844 0.128391 
0.510115 -0.829627 0.226939 
0.28782 -0.912068 0.292047 
0.0459106 -0.946548 0.319278 
-0.199128 -0.930718 0.306776 
-0.430596 -0.865657 0.255393 
0.699398 -0.70254 0.131451 
0.511784 -0.827677 0.230278 
0.289292 -0.910442 0.295643 
0.0470861 -0.945196 0.32309 
-0.198329 -0.92957 0.310749 
-0.430228 -0.864629 0.259461 
0.701133 -0.700207 0.134622 
0.513425 -0.825692 0.233724 
0.290728 -0.908775 0.29934 
0.0482184 -0.943795 0.326996 
-0.197577 -0.928363 0.314809 
-0.429908 -0.863533 0.263609 
0.70285 -0.697843 0.137901 
0.515038 -0.823673 0.237275 
0.292127 -0.907067 0.303136 
0.049308 -0.942343 0.330995 
-0.196872 -0.927097 0.318955 
-0.429635 -0.862368 0.267835 
0.707873 -0.69058 0.148375 
0.519685 -0.817408 0.248538 
0.296081 -0.901691 0.315101 
0.0523004 -0.937685 0.343527 
-0.195046 -0.922937 0.33188 
-0.429099 -0.858452 0.280952 
0.709499 -0.688102 0.152074 
0.521165 -0.815252 0.25249 
0.297315 -0.899815 0.319274 
0.0532028 -0.93603 0.347875 
-0.194535 -0.921428 0.336343 
-0.429015 -0.857004 0.285464 
0.711097 -0.685598 0.155874 
0.522608 -0.813061 0.256539 
0.298504 -0.897897 0.323537 
0.0540571 -0.934323 0.352305 
-0.194073 -0.919857 0.34088 
-0.428978 -0.855484 0.290042 
0.712666 -0.683067 0.159774 
0.524012 -0.810837 0.260681 
0.299647 -0.895936 0.327888 
0.0548622 -0.932563 0.356814 
-0.193662 -0.918223 0.345489 
-0.428988 -0.853892 0.294683 
0.714204 -0.680509 0.163772 
0.525375 -0.808579 0.264915 
0.300744 -0.893932 0.332323 
0.0556171 -0.93075 0.361401 
-0.1933 -0.916525 0.350166 
-0.429044 -0.852226 0.299386 
0.718614 -0.672681 0.176336 
0.529209 -0.801604 0.278152 
0.303741 -0.887662 0.346117 
0.0575725 -0.924992 0.375599 
-0.192519 -0.91105 0.364588 
-0.429491 -0.846785 0.313834 
0.72001 -0.670023 0.180708 
0.530397 -0.799212 0.282735 
0.304639 -0.885486 0.35087 
0.058119 -0.922965 0.38047 
-0.19236 -0.909096 0.369516 
-0.429731 -0.844823 0.318757 
0.721368 -0.667339 0.185169 
0.531538 -0.796787 0.2874 
0.305485 -0.883266 0.355697 
0.0586133 -0.920884 0.385406 
-0.192253 -0.907076 0.374502 
-0.430017 -0.842785 0.323727 
0.722684 -0.664632 0.189717 
0.53263 -0.794328 0.292145 
0.306278 -0.881002 0.360596 
0.0590536 -0.918747 0.390405 
-0.192196 -0.904991 0.379541 
-0.430346 -0.840672 0.328745 
0.723958 -0.661901 0.19435 
0.533672 -0.791837 0.296967 
0.307017 -0.878695 0.365563 
0.059439 -0.916556 0.395464 
-0.192189 -0.902841 0.384632 
-0.43072 -0.838483 0.333806 
0.727512 -0.653571 0.208737 
0.536488 -0.784165 0.311874 
0.308904 -0.871509 0.380854 
0.0602691 -0.909651 0.410977 
-0.192474 -0.895992 0.40019 
-0.4321 -0.831463 0.349227 
0.728602 -0.65075 0.213689 
0.53732 -0.781542 0.316983 
0.309421 -0.869026 0.386073 
0.0604353 -0.907239 0.416252 
-0.192669 -0.893577 0.405462 
-0.432643 -0.828971 0.354439 
0.729644 -0.647907 0.218715 
0.538098 -0.778887 0.322157 
0.309882 -0.866499 0.391348 
0.0605465 -0.90477 0.421574 
-0.192914 -0.891095 0.410773 
-0.433227 -0.826403 0.359683 
0.730635 -0.645042 0.223813 
0.53882 -0.7762 0.327395 
0.310284 -0.863927 0.396678 
0.0606036 -0.902247 0.426941 
-0.193207 -0.888546 0.416121 
-0.433851 -0.82376 0.364956 
0.731575 -0.642157 0.228981 
0.539485 -0.77348 0.332694 
0.31063 -0.861312 0.402059 
0.0606053 -0.899667 0.43235 
-0.19355 -0.885931 0.421503 
-0.434514 -0.821041 0.370255 
0.734079 -0.633374 0.244878 
0.541136 -0.765127 0.34893 
0.311317 -0.8532 0.418486 
0.060282 -0.891593 0.448807 
-0.194862 -0.877689 0.437826 
-0.436726 -0.812434 0.386291 
0.734804 -0.630407 0.250301 
0.54157 -0.762279 0.354447 
0.311429 -0.850409 0.424048 
0.060064 -0.888791 0.454361 
-0.195393 -0.874809 0.443318 
-0.437535 -0.809416 0.391674 
0.735474 -0.627419 0.255781 
0.541945 -0.759399 0.360013 
0.311483 -0.847573 0.429649 
0.0597945 -0.885933 0.459944 
-0.195969 -0.871863 0.448832 
-0.438378 -0.806324 0.397073 
0.736087 -0.624411 0.261317 
0.54226 -0.756487 0.365624 
0.311479 -0.844693 0.435286 
0.0594714 -0.883019 0.465554 
-0.196589 -0.868853 0.454365 
-0.439253 -0.803159 0.402484 
0.736644 -0.621384 0.266905 
0.542516 -0.753544 0.371279 
0.311417 -0.84177 0.440956 
0.0590963 -0.880051 0.471188 
-0.197253 -0.865777 0.459915 
-0.440159 -0.799921 0.407905 
0.737966 -0.612187 0.28396 
0.542926 -0.744526 0.388475 
0.310886 -0.83274 0.458142 
0.0576598 -0.870817 0.488214 
-0.199496 -0.856163 0.476641 
-0.443056 -0.789776 0.424211 
0.73829 -0.609084 0.289733 
0.542943 -0.741458 0.394276 
0.310596 -0.829643 0.463921 
0.0570822 -0.867631 0.493921 
-0.200323 -0.852831 0.482234 
-0.444075 -0.786254 0.429654 
0.738555 -0.605961 0.295546 
0.542901 -0.738358 0.400107 
0.310249 -0.826504 0.46972 
0.0564544 -0.864391 0.499641 
-0.201188 -0.849437 0.487831 
-0.44512 -0.782662 0.435096 
0.738761 -0.602821 0.301395 
0.5428 -0.735229 0.405965 
0.309847 -0.823322 0.475537 
0.0557796 -0.861098 0.50537 
-0.202091 -0.845981 0.493432 
-0.446188 -0.779002 0.440536 
0.738908 -0.599662 0.30728 
0.54264 -0.732068 0.411848 
0.30939 -0.820098 0.48137 
0.0550579 -0.857752 0.511107 
-0.203028 -0.842464 0.499033 
-0.447278 -0.775276 0.445971 
0.738995 -0.590075 0.325112 
0.54181 -0.722405 0.42962 
0.307702 -0.810174 0.498936 
0.052624 -0.847402 0.528337 
-0.206041 -0.831552 0.515819 
-0.450663 -0.763703 0.462235 
0.738907 -0.586843 0.331107 
0.54142 -0.719123 0.435576 
0.307035 -0.806784 0.504806 
0.0517279 -0.843851 0.534079 
-0.207106 -0.827797 0.521401 
-0.451826 -0.759718 0.467635 
0.73876 -0.583593 0.337123 
0.540973 -0.715813 0.441543 
0.306319 -0.803353 0.510679 
0.0507898 -0.840249 0.539817 
-0.2082 -0.823986 0.526973 
-0.453002 -0.755672 0.473022 
0.738556 -0.580326 0.343157 
0.540471 -0.712472 0.44752 
0.305554 -0.799882 0.516552 
0.0498137 -0.836598 0.545548 
-0.209321 -0.820118 0.532533 
-0.45419 -0.751565 0.478394 
0.738294 -0.577041 0.349207 
0.539915 -0.709103 0.453503 
0.304742 -0.796371 0.522423 
0.0488001 -0.832898 0.551271 
-0.210466 -0.816195 0.53808 
-0.45539 -0.7474 0.483749 
0.73717 -0.56708 0.367424 
0.53793 -0.698821 0.471466 
0.302031 -0.785604 0.540003 
0.0455501 -0.821515 0.568364 
-0.214036 -0.804108 0.554617 
-0.459036 -0.734567 0.499697 
0.736685 -0.563725 0.373509 
0.537167 -0.695337 0.47745 
0.301042 -0.781939 0.545844 
0.0444016 -0.817629 0.574031 
-0.215265 -0.799976 0.560089 
-0.460261 -0.730182 0.504969 
0.736146 -0.560353 0.379597 
0.536355 -0.691825 0.483427 
0.300012 -0.778236 0.551671 
0.0432232 -0.813699 0.579678 
-0.21651 -0.795795 0.565538 
-0.461489 -0.725746 0.510217 
0.735554 -0.556963 0.385685 
0.535495 -0.688285 0.489397 
0.298943 -0.774497 0.557483 
0.0420172 -0.809725 0.585304 
-0.21777 -0.791566 0.570963 
-0.462717 -0.72126 0.515438 
0.734909 -0.553557 0.391769 
0.534588 -0.684718 0.495354 
0.297836 -0.770723 0.563276 
0.0407863 -0.805708 0.590907 
-0.219043 -0.787291 0.576362 
-0.463944 -0.716727 0.520633 
0.732674 -0.543236 0.409979 
0.531604 -0.673859 0.513138 
0.294307 -0.75919 0.580529 
0.036952 -0.793415 0.607558 
-0.22292 -0.774201 0.592384 
-0.467601 -0.702858 0.536041 
0.731833 -0.539763 0.416026 
0.530527 -0.670187 0.519028 
0.293067 -0.755279 0.58623 
0.0356339 -0.78924 0.613051 
-0.224226 -0.769755 0.597663 
-0.468805 -0.698152 0.541114 
0.730944 -0.536273 0.422057 
0.52941 -0.66649 0.524896 
0.291798 -0.751335 0.591903 
0.0343018 -0.785027 0.618511 
-0.225535 -0.765269 0.602907 
-0.470001 -0.693408 0.546154 
0.730011 -0.532767 0.428069 
0.528257 -0.662768 0.530738 
0.290502 -0.747361 0.597545 
0.0329502 -0.780779 0.623938 
-0.226846 -0.760746 0.608117 
-0.471184 -0.688627 0.551161 
0.729034 -0.529245 0.434061 
0.527067 -0.659023 0.536554 
0.289181 -0.743356 0.603156 
0.0315881 -0.776497 0.629329 
-0.228157 -0.756188 0.61329 
-0.472355 -0.683812 0.556131 
0.725854 -0.518586 0.451889 
0.523301 -0.647646 0.553815 
0.285085 -0.731167 0.619775 
0.0274412 -0.763456 0.645276 
-0.232072 -0.742314 0.628579 
-0.47577 -0.669182 0.570823 
0.724717 -0.515003 0.457775 
0.521986 -0.643809 0.5595 
0.283683 -0.727049 0.625239 
0.0260482 -0.75905 0.650511 
-0.233364 -0.73763 0.633595 
-0.476872 -0.66425 0.575643 
0.723543 -0.511405 0.463627 
0.520644 -0.639952 0.565147 
0.282264 -0.722906 0.630661 
0.0246489 -0.754616 0.655704 
-0.234647 -0.732919 0.638569 
-0.477952 -0.659295 0.580424 
0.722335 -0.507793 0.469445 
0.519277 -0.636073 0.570755 
0.280832 -0.718739 0.636041 
0.0232482 -0.750156 0.660852 
-0.23592 -0.728183 0.643499 
-0.47901 -0.654318 0.585164 
0.721093 -0.504167 0.475227 
0.517887 -0.632175 0.576322 
0.279388 -0.714548 0.641376 
0.0218483 -0.745671 0.665956 
-0.237179 -0.723424 0.648386 
-0.480043 -0.649322 0.589864 
0.717188 -0.49321 0.492327 
0.513597 -0.620371 0.592754 
0.275006 -0.701848 0.6571 
0.0176739 -0.732087 0.680982 
-0.240863 -0.709028 0.66277 
-0.482986 -0.634241 0.603708 
0.715831 -0.489532 0.49794 
0.512133 -0.616403 0.598136 
0.273535 -0.697576 0.662243 
0.0162935 -0.727521 0.685892 
-0.242055 -0.704196 0.667471 
-0.483909 -0.629191 0.608236 
0.71445 -0.485843 0.503505 
0.510656 -0.612419 0.603468 
0.272062 -0.693287 0.667334 
0.0149246 -0.722938 0.690751 
-0.243225 -0.699351 0.672123 
-0.484802 -0.624133 0.61272 
0.713047 -0.482143 0.509021 
0.509167 -0.60842 0.608748 
0.270589 -0.688982 0.672373 
0.0135706 -0.718341 0.695559 
-0.244373 -0.694495 0.676726 
-0.485663 -0.61907 0.617159 
0.711623 -0.478433 0.514485 
0.507669 -0.604407 0.613974 
0.269118 -0.684663 0.677356 
0.0122263 -0.713731 0.700313 
-0.245496 -0.68963 0.681279 
-0.48649 -0.614003 0.621552 
0.707243 -0.467246 0.530555 
0.503133 -0.592299 0.629316 
0.264735 -0.671634 0.691971 
0.00829721 -0.699842 0.714249 
-0.248709 -0.675004 0.694632 
-0.488764 -0.59881 0.634458 
0.705753 -0.463501 0.535798 
0.501614 -0.588243 0.634314 
0.26329 -0.667271 0.696726 
0.00702708 -0.695199 0.718783 
-0.249722 -0.670124 0.698979 
-0.489449 -0.593755 0.638667 
0.704252 -0.459748 0.540981 
0.500095 -0.584179 0.63925 
0.261856 -0.662902 0.701422 
0.00576694 -0.690553 0.723259 
-0.250704 -0.665247 0.703274 
-0.490096 -0.588709 0.642828 
0.702741 -0.45599 0.546102 
0.498577 -0.580108 0.644124 
0.260436 -0.658527 0.706056 
0.00454931 -0.685904 0.727677 
-0.251654 -0.660374 0.707515 
-0.490704 -0.583675 0.646942 
0.701222 -0.452227 0.551161 
0.497063 -0.576031 0.648935 
0.259029 -0.654149 0.710629 
0.00335127 -0.681256 0.732037 
-0.252571 -0.655507 0.711701 
-0.491273 -0.578654 0.651007 
0.696635 -0.440915 0.565945 
0.492558 -0.56378 0.662978 
0.254914 -0.641007 0.723968 
-5.83401e-08 -0.667333 0.744759 
-0.255112 -0.640965 0.723935 
-0.492736 -0.563699 0.662914 
0.695102 -0.43714 0.570738 
0.491075 -0.559693 0.667524 
0.253582 -0.63663 0.728285 
-0.0011669 -0.662706 0.748879 
-0.255886 -0.636145 0.727902 
-0.493141 -0.558757 0.666785 
0.69357 -0.433366 0.575461 
0.489604 -0.555608 0.672003 
0.252272 -0.632257 0.732536 
-0.00223794 -0.658089 0.752937 
-0.256622 -0.631343 0.731814 
-0.493503 -0.553841 0.670607 
0.69204 -0.429592 0.580113 
0.488147 -0.551526 0.676411 
0.250987 -0.627891 0.736721 
-0.00327755 -0.653484 0.756933 
-0.257319 -0.62656 0.73567 
-0.493824 -0.548954 0.67438 
0.690515 -0.42582 0.584693 
0.486705 -0.547447 0.680749 
0.249727 -0.623534 0.740839 
-0.00427456 -0.648894 0.760867 
-0.257976 -0.621799 0.739469 
-0.494101 -0.544096 0.678103 
0.685983 -0.414528 0.597992 
0.482488 -0.535252 0.693334 
0.246111 -0.610529 0.752784 
-0.00703598 -0.63523 0.772291 
-0.259706 -0.60767 0.750526 
-0.494676 -0.529729 0.688972 
0.684492 -0.410776 0.602273 
0.481123 -0.531205 0.697382 
0.244966 -0.606223 0.756628 
-0.00788837 -0.630717 0.775972 
-0.260199 -0.603019 0.754098 
-0.494781 -0.525017 0.692495 
0.683014 -0.407033 0.606478 
0.479781 -0.52717 0.701357 
0.243852 -0.601934 0.760402 
-0.00869523 -0.62623 0.77959 
-0.260651 -0.598402 0.757612 
-0.494843 -0.520346 0.695967 
0.68155 -0.403299 0.610605 
0.478463 -0.523149 0.705257 
0.24277 -0.597665 0.764107 
-0.00946867 -0.62177 0.783143 
-0.261061 -0.593819 0.761069 
-0.494862 -0.515719 0.699389 
0.680102 -0.399577 0.614654 
0.477172 -0.519144 0.709082 
0.241722 -0.593418 0.76774 
-0.0101988 -0.617338 0.786632 
-0.261427 -0.589274 0.764468 
-0.494839 -0.511139 0.70276 
0.675868 -0.388489 0.626321 
0.473462 -0.507236 0.720101 
0.23879 -0.580824 0.778218 
-0.0121559 -0.60424 0.79671 
-0.262272 -0.575886 0.774318 
-0.494515 -0.497697 0.712568 
0.674498 -0.384826 0.630049 
0.472285 -0.503309 0.723621 
0.237886 -0.576682 0.781568 
-0.0127225 -0.599945 0.79994 
-0.262468 -0.571513 0.777485 
-0.494324 -0.493323 0.715735 
0.673151 -0.38118 0.633695 
0.471139 -0.499406 0.727064 
0.23702 -0.572571 0.784846 
-0.0132521 -0.595691 0.803105 
-0.26262 -0.567188 0.780595 
-0.494092 -0.489006 0.71885 
0.671829 -0.377555 0.637258 
0.470026 -0.495529 0.730429 
0.236192 -0.568494 0.788053 
-0.0137386 -0.591478 0.806204 
-0.262731 -0.562914 0.783646 
-0.49382 -0.484748 0.721915 
0.670531 -0.373952 0.64074 
0.468947 -0.49168 0.733716 
0.235404 -0.564452 0.791188 
-0.0141818 -0.587309 0.809239 
-0.262799 -0.558692 0.786639 
-0.493509 -0.480551 0.724927 
0.666806 -0.363288 0.650686 
0.465918 -0.480319 0.743111 
0.23328 -0.552558 0.800162 
-0.0152543 -0.575084 0.817952 
-0.262753 -0.546361 0.795268 
-0.492344 -0.468346 0.733655 
0.665623 -0.359788 0.653834 
0.464982 -0.476599 0.746086 
0.232653 -0.548678 0.80301 
-0.0155321 -0.57111 0.820726 
-0.262655 -0.542369 0.798028 
-0.491881 -0.464412 0.736461 
0.664471 -0.356318 0.656898 
0.464083 -0.472917 0.748983 
0.232068 -0.544842 0.805786 
-0.0157615 -0.56719 0.823436 
-0.262518 -0.538439 0.80073 
-0.491383 -0.460548 0.739215 
0.663352 -0.352879 0.659879 
0.463222 -0.469274 0.751802 
0.231525 -0.541054 0.80849 
-0.0159525 -0.563327 0.82608 
-0.26234 -0.534574 0.803373 
-0.490851 -0.456756 0.741916 
0.662267 -0.349474 0.662775 
0.462401 -0.465672 0.754543 
0.231023 -0.537315 0.811123 
-0.0160986 -0.559521 0.82866 
-0.262123 -0.530776 0.805958 
-0.490284 -0.453039 0.744565 
0.659219 -0.339477 0.670959 
0.460175 -0.45513 0.762296 
0.229771 -0.526414 0.818592 
-0.0162912 -0.54847 0.836011 
-0.261245 -0.519796 0.813366 
-0.488394 -0.442345 0.752199 
0.658276 -0.336223 0.673518 
0.459514 -0.451711 0.764725 
0.229437 -0.522892 0.82094 
-0.016274 -0.544915 0.838333 
-0.260879 -0.51628 0.815719 
-0.487704 -0.438938 0.754638 
0.65737 -0.333012 0.675994 
0.458895 -0.448342 0.767076 
0.229146 -0.519429 0.823217 
-0.0162174 -0.541428 0.840591 
-0.260478 -0.51284 0.818014 
-0.486986 -0.435614 0.757024 
0.656503 -0.329844 0.678385 
0.458317 -0.445025 0.769349 
0.228897 -0.516026 0.825423 
-0.0161236 -0.53801 0.842784 
-0.260042 -0.509477 0.820251 
-0.486241 -0.432373 0.759358 
0.655675 -0.326722 0.680693 
0.457781 -0.441762 0.771546 
0.22869 -0.512687 0.827559 
-0.0159839 -0.534663 0.844914 
-0.259573 -0.506193 0.82243 
-0.48547 -0.429216 0.761638 
0.653431 -0.317648 0.687116 
0.456426 -0.432316 0.777675 
0.228316 -0.503062 0.833547 
-0.0153556 -0.525065 0.850924 
-0.257976 -0.496825 0.828621 
-0.483018 -0.420267 0.76816 
0.652764 -0.314727 0.689091 
0.456059 -0.429288 0.779566 
0.228273 -0.499992 0.835404 
-0.0150683 -0.522019 0.852801 
-0.257383 -0.49387 0.83057 
-0.482158 -0.417462 0.770227 
0.652139 -0.31186 0.690983 
0.455734 -0.426323 0.781381 
0.228271 -0.496993 0.837192 
-0.0147468 -0.519053 0.854615 
-0.256763 -0.491001 0.832461 
-0.481279 -0.414748 0.77224 
0.651557 -0.309049 0.692793 
0.455451 -0.423423 0.78312 
0.228308 -0.494067 0.838912 
-0.0143946 -0.516168 0.856366 
-0.256116 -0.48822 0.834294 
-0.480383 -0.412126 0.774199 
0.651016 -0.306296 0.694522 
0.455211 -0.420589 0.784785 
0.228385 -0.491217 0.840563 
-0.0140077 -0.513366 0.858056 
-0.255443 -0.485527 0.83607 
-0.479471 -0.409597 0.776104 
0.649652 -0.298401 0.69922 
0.454743 -0.412505 0.789334 
0.228845 -0.483132 0.845112 
-0.012652 -0.505469 0.862752 
-0.253281 -0.477993 0.841054 
-0.476652 -0.402578 0.781494 
0.649283 -0.295897 0.700625 
0.454671 -0.409955 0.790703 
0.229073 -0.480598 0.846494 
-0.0121326 -0.503011 0.864195 
-0.252517 -0.475668 0.8426 
-0.47569 -0.400431 0.783182 
0.648958 -0.293458 0.701951 
0.454639 -0.40748 0.792 
0.229337 -0.478147 0.847809 
-0.011594 -0.500643 0.865576 
-0.251734 -0.473437 0.84409 
-0.47472 -0.398381 0.784814 
0.648677 -0.291088 0.703197 
0.454649 -0.405081 0.793224 
0.229638 -0.47578 0.849058 
-0.0110254 -0.498367 0.866896 
-0.250933 -0.471302 0.845522 
-0.473742 -0.39643 0.786392 
0.648438 -0.288786 0.704365 
0.454699 -0.40276 0.794376 
0.229972 -0.473499 0.850242 
-0.0104254 -0.496182 0.868156 
-0.250114 -0.469263 0.846897 
-0.472758 -0.394578 0.787914 
0.647984 -0.282314 0.7074 
0.455088 -0.396281 0.797406 
0.231178 -0.467184 0.853402 
-0.00848701 -0.490192 0.871573 
-0.247572 -0.463737 0.85068 
-0.469786 -0.389621 0.792147 
0.647919 -0.280305 0.708258 
0.455296 -0.394287 0.798276 
0.231644 -0.46526 0.854327 
-0.00779408 -0.488388 0.872592 
-0.2467 -0.462094 0.851826 
-0.468794 -0.388171 0.793445 
0.647897 -0.278373 0.70904 
0.455541 -0.392378 0.799076 
0.232141 -0.463428 0.855187 
-0.00708602 -0.48668 0.873551 
-0.245818 -0.460552 0.852916 
-0.467803 -0.386822 0.794688 
0.647917 -0.276519 0.709747 
0.455824 -0.390556 0.799807 
0.232667 -0.461689 0.855985 
-0.00635365 -0.485072 0.874451 
-0.244926 -0.459111 0.853949 
-0.466816 -0.385575 0.795874 
0.64798 -0.274745 0.710378 
0.456144 -0.388821 0.800469 
0.233222 -0.460044 0.856719 
-0.00560029 -0.483562 0.875292 
-0.244028 -0.457772 0.854924 
-0.465832 -0.384431 0.797003 
0.648419 -0.269913 0.711829 
0.457316 -0.384155 0.802052 
0.235048 -0.455688 0.858546 
-0.00324948 -0.479638 0.87746 
-0.241303 -0.454373 0.857507 
-0.462924 -0.381614 0.800045 
0.648647 -0.268469 0.712167 
0.457775 -0.382783 0.802446 
0.235707 -0.454432 0.859031 
-0.00243957 -0.478534 0.878066 
-0.24039 -0.453447 0.858253 
-0.461974 -0.38088 0.800944 
0.648915 -0.267112 0.712433 
0.458268 -0.381504 0.802774 
0.23639 -0.453274 0.859455 
-0.00159865 -0.477533 0.878613 
-0.239476 -0.452625 0.858942 
-0.461034 -0.38025 0.801784 
0.649224 -0.265841 0.712627 
0.458792 -0.380319 0.803036 
0.237095 -0.452217 0.859817 
-0.000754261 -0.476634 0.879101 
-0.238562 -0.451908 0.859574 
-0.460108 -0.379723 0.802565 
0.649571 -0.264659 0.712751 
0.459348 -0.37923 0.803233 
0.237822 -0.45126 0.860119 
0.000164346 -0.47584 0.879532 
-0.237652 -0.451296 0.860148 
-0.459196 -0.379299 0.803288 
0.650839 -0.26165 0.712704 
0.461192 -0.376543 0.803441 
0.240115 -0.449 0.860664 
0.00267972 -0.474085 0.880475 
-0.234947 -0.450087 0.861523 
-0.456559 -0.378642 0.805099 
0.651336 -0.26083 0.712551 
0.461863 -0.375843 0.803383 
0.240914 -0.448453 0.860727 
0.00354966 -0.47371 0.880674 
-0.23406 -0.449894 0.861865 
-0.455717 -0.378628 0.805583 
0.651867 -0.260103 0.712331 
0.462559 -0.375243 0.803263 
0.241729 -0.448008 0.86073 
0.00441967 -0.47344 0.880815 
-0.233181 -0.449806 0.862149 
-0.454896 -0.378715 0.806005 
0.652434 -0.259469 0.712044 
0.463281 -0.374742 0.803081 
0.242557 -0.447668 0.860674 
0.00530785 -0.473276 0.880898 
-0.232313 -0.449822 0.862375 
-0.454097 -0.378904 0.806367 
0.653034 -0.25893 0.711689 
0.464027 -0.374342 0.802837 
0.243398 -0.447432 0.860559 
0.00617674 -0.473218 0.880924 
-0.231457 -0.449943 0.862542 
-0.453321 -0.379193 0.806668 
0.655026 -0.257887 0.710236 
0.466397 -0.37375 0.801739 
0.245983 -0.447352 0.859866 
0.00880976 -0.473676 0.880655 
-0.228971 -0.450929 0.862691 
-0.451145 -0.380661 0.807196 
0.655751 -0.257733 0.709622 
0.467227 -0.373757 0.801252 
0.246861 -0.447535 0.859519 
0.00967331 -0.474039 0.880451 
-0.228175 -0.451464 0.862622 
-0.450473 -0.381348 0.807247 
0.656505 -0.257677 0.708946 
0.468075 -0.373866 0.800706 
0.247746 -0.447823 0.859114 
0.0105294 -0.474508 0.880188 
-0.227397 -0.452102 0.862493 
-0.44983 -0.382132 0.807235 
0.657286 -0.257719 0.708206 
0.468939 -0.374078 0.800101 
0.248635 -0.448216 0.858652 
0.0113881 -0.475081 0.879868 
-0.226638 -0.452842 0.862305 
-0.449217 -0.383014 0.807158 
0.658094 -0.25786 0.707404 
0.469819 -0.374393 0.799437 
0.249527 -0.448715 0.858132 
0.0122282 -0.475759 0.879491 
-0.2259 -0.453683 0.862056 
-0.448635 -0.383992 0.807017 
0.660662 -0.25888 0.704632 
0.472538 -0.375959 0.797096 
0.252211 -0.450839 0.856233 
0.0146933 -0.478415 0.878011 
-0.223821 -0.456809 0.860947 
-0.447084 -0.387492 0.806205 
0.661563 -0.259419 0.703588 
0.473466 -0.376688 0.796201 
0.253103 -0.451755 0.855486 
0.0154926 -0.479506 0.877402 
-0.223176 -0.458048 0.860456 
-0.446635 -0.388845 0.805802 
0.662484 -0.26006 0.702484 
0.474402 -0.37752 0.795249 
0.253991 -0.452776 0.854683 
0.0162712 -0.480699 0.876735 
-0.222559 -0.459386 0.859903 
-0.446221 -0.390289 0.805333 
0.663424 -0.2608 0.701322 
0.475346 -0.378456 0.79424 
0.254874 -0.4539 0.853823 
0.0170337 -0.481993 0.876009 
-0.221968 -0.46082 0.859288 
-0.445843 -0.391823 0.804797 
0.66438 -0.261642 0.700101 
0.476295 -0.379494 0.793175 
0.255751 -0.455127 0.852907 
0.0177756 -0.483388 0.875226 
-0.221407 -0.462349 0.858611 
-0.445503 -0.393446 0.804194 
0.667342 -0.264771 0.696097 
0.479162 -0.383225 0.789647 
0.258329 -0.459421 0.849822 
0.0198888 -0.488166 0.872524 
-0.219903 -0.467502 0.856204 
-0.444711 -0.398835 0.801974 
0.668354 -0.266016 0.69465 
0.480119 -0.384674 0.78836 
0.259166 -0.461055 0.848682 
0.0205502 -0.489955 0.871506 
-0.219466 -0.469403 0.855275 
-0.444526 -0.400801 0.801096 
0.669377 -0.267361 0.693147 
0.481075 -0.386223 0.787019 
0.259989 -0.462788 0.847486 
0.0211859 -0.491839 0.870429 
-0.219063 -0.471394 0.854283 
-0.444382 -0.402849 0.800149 
0.670408 -0.268807 0.691589 
0.482028 -0.387874 0.785623 
0.260797 -0.464621 0.846234 
0.0217964 -0.493818 0.869292 
-0.218693 -0.473475 0.853226 
-0.444278 -0.404978 0.799131 
0.671447 -0.270353 0.689978 
0.482975 -0.389625 0.784173 
0.26159 -0.466552 0.844926 
0.0223761 -0.495891 0.868097 
-0.21836 -0.475642 0.852105 
-0.444216 -0.407186 0.798042 
0.674589 -0.275588 0.684821 
0.485774 -0.395474 0.779502 
0.263855 -0.472924 0.840668 
0.0239536 -0.50266 0.864152 
-0.217579 -0.482655 0.848353 
-0.444285 -0.414273 0.794348 
0.675641 -0.277531 0.682998 
0.486688 -0.397621 0.777838 
0.264568 -0.475239 0.839137 
0.0244196 -0.505096 0.862718 
-0.217395 -0.485158 0.846972 
-0.444394 -0.416784 0.792973 
0.676692 -0.279573 0.681122 
0.487589 -0.399864 0.776122 
0.265259 -0.477647 0.837551 
0.0248492 -0.50762 0.861223 
-0.217251 -0.487742 0.845524 
-0.444547 -0.419366 0.791524 
0.67774 -0.281712 0.679195 
0.488477 -0.402203 0.774353 
0.265924 -0.480146 0.835909 
0.0252505 -0.51023 0.859667 
-0.217146 -0.490403 0.844009 
-0.444743 -0.422018 0.790002 
0.678785 -0.283949 0.677217 
0.489349 -0.404638 0.772532 
0.266564 -0.482737 0.834211 
0.0256159 -0.512924 0.858052 
-0.217082 -0.493142 0.842429 
-0.444984 -0.424739 0.788407 
0.681881 -0.291235 0.670985 
0.491859 -0.412503 0.766757 
0.268318 -0.491043 0.828784 
0.0264922 -0.521502 0.852839 
-0.217141 -0.501804 0.837283 
-0.445975 -0.433293 0.783175 
0.682895 -0.293853 0.668809 
0.492655 -0.415308 0.764728 
0.268843 -0.493985 0.826863 
0.0267097 -0.52452 0.850979 
-0.217246 -0.504835 0.835432 
-0.446395 -0.436269 0.781282 
0.683896 -0.296565 0.666584 
0.493429 -0.418204 0.762649 
0.269336 -0.497011 0.824887 
0.0268871 -0.527616 0.849057 
-0.217394 -0.507933 0.833513 
-0.446859 -0.439304 0.779313 
0.684885 -0.299369 0.664312 
0.494179 -0.421188 0.760518 
0.269795 -0.50012 0.822855 
0.0270251 -0.530787 0.847074 
-0.217586 -0.511098 0.831526 
-0.447369 -0.442397 0.777268 
0.685859 -0.302265 0.661992 
0.494904 -0.424259 0.758337 
0.270221 -0.50331 0.820768 
0.0271243 -0.534031 0.84503 
-0.217822 -0.514329 0.82947 
-0.447923 -0.445545 0.775148 
0.688676 -0.311493 0.654751 
0.496912 -0.433985 0.751489 
0.271284 -0.513353 0.81417 
0.0271695 -0.544189 0.838523 
-0.218798 -0.52439 0.822887 
-0.449854 -0.455306 0.768328 
0.689575 -0.314745 0.652244 
0.497522 -0.437393 0.749106 
0.271564 -0.516853 0.81186 
0.027098 -0.54771 0.836229 
-0.219213 -0.527861 0.820554 
-0.450586 -0.458659 0.765901 
0.690451 -0.318082 0.649693 
0.4981 -0.440881 0.746673 
0.271804 -0.520426 0.809494 
0.0269846 -0.551296 0.833873 
-0.219674 -0.531388 0.818151 
-0.451361 -0.462058 0.763397 
0.691304 -0.321505 0.647095 
0.498645 -0.444448 0.74419 
0.272004 -0.52407 0.807071 
0.0268268 -0.554945 0.831455 
-0.220179 -0.534968 0.815678 
-0.45218 -0.465501 0.760817 
0.692132 -0.325011 0.644454 
0.499157 -0.448093 0.741657 
0.272164 -0.527784 0.804594 
0.026624 -0.558654 0.828973 
-0.22073 -0.538599 0.813135 
-0.453042 -0.468987 0.758158 
0.694451 -0.336018 0.636262 
0.500475 -0.459475 0.733763 
0.272392 -0.539326 0.796825 
0.0257464 -0.570129 0.821152 
-0.222655 -0.549784 0.805085 
-0.455882 -0.479679 0.74972 
0.695164 -0.339844 0.633445 
0.500839 -0.463412 0.731033 
0.272381 -0.5433 0.794124 
0.0253616 -0.574062 0.818419 
-0.223386 -0.553603 0.802261 
-0.456911 -0.483316 0.746752 
0.695847 -0.343746 0.630584 
0.501164 -0.467419 0.728254 
0.272328 -0.547334 0.791368 
0.0249322 -0.578047 0.815623 
-0.224162 -0.557463 0.799367 
-0.45798 -0.486985 0.743707 
0.696496 -0.347724 0.62768 
0.501449 -0.471493 0.725427 
0.272229 -0.551427 0.788555 
0.0244573 -0.58208 0.812764 
-0.224981 -0.561362 0.796402 
-0.459088 -0.490686 0.740585 
0.697111 -0.351774 0.624734 
0.501693 -0.475631 0.722551 
0.272085 -0.555577 0.785687 
0.0239345 -0.586161 0.809841 
-0.225845 -0.5653 0.793366 
-0.460235 -0.494415 0.737385 
0.698741 -0.364344 0.615642 
0.502173 -0.48842 0.713631 
0.271382 -0.568342 0.776749 
0.0220971 -0.598664 0.800696 
-0.228694 -0.577318 0.783838 
-0.463899 -0.505761 0.727326 
0.699209 -0.368669 0.612527 
0.502246 -0.492801 0.710561 
0.271056 -0.572696 0.773659 
0.0213935 -0.602912 0.797521 
-0.229727 -0.581387 0.780522 
-0.465192 -0.50959 0.72382 
0.699639 -0.373057 0.609372 
0.502276 -0.497236 0.707443 
0.270684 -0.577097 0.770513 
0.0206448 -0.607196 0.794284 
-0.230801 -0.585483 0.777136 
-0.466518 -0.513438 0.720238 
0.700028 -0.377508 0.606176 
0.502261 -0.501725 0.704277 
0.270265 -0.581541 0.767311 
0.0198513 -0.611515 0.790984 
-0.231915 -0.589605 0.77368 
-0.467877 -0.517304 0.71658 
0.700377 -0.382018 0.602938 
0.502201 -0.506266 0.701063 
0.269801 -0.586027 0.764055 
0.0190126 -0.615867 0.787621 
-0.233069 -0.593751 0.770155 
-0.469268 -0.521187 0.712847 
0.701172 -0.39589 0.592983 
0.501748 -0.520173 0.691136 
0.268131 -0.599715 0.753954 
0.0162423 -0.629096 0.777158 
-0.236756 -0.606313 0.759165 
-0.473618 -0.532919 0.701202 
0.701351 -0.400621 0.589584 
0.501506 -0.524897 0.687732 
0.267483 -0.604348 0.750478 
0.015231 -0.633557 0.773546 
-0.238057 -0.610535 0.755365 
-0.475123 -0.536851 0.697172 
0.701487 -0.405401 0.586145 
0.501217 -0.529662 0.684281 
0.266791 -0.609011 0.746946 
0.0141839 -0.63804 0.769873 
-0.239392 -0.614772 0.751496 
-0.476653 -0.540792 0.693071 
0.701578 -0.410229 0.582667 
0.500883 -0.534464 0.680782 
0.266053 -0.613702 0.743361 
0.013093 -0.642543 0.766138 
-0.240761 -0.619021 0.747561 
-0.478206 -0.544739 0.688897 
0.701625 -0.415102 0.579149 
0.500502 -0.539303 0.677237 
0.265272 -0.618421 0.739721 
0.0119617 -0.647064 0.762342 
-0.242161 -0.623281 0.743559 
-0.479782 -0.548691 0.684651 
0.701495 -0.429969 0.568358 
0.499088 -0.554011 0.666321 
0.262669 -0.632714 0.728476 
0.00834804 -0.660715 0.75059 
-0.246539 -0.636106 0.731155 
-0.484626 -0.560564 0.671495 
0.701361 -0.435001 0.564683 
0.498526 -0.55897 0.662589 
0.261718 -0.637517 0.724621 
0.00707643 -0.665288 0.746553 
-0.248052 -0.640391 0.726891 
-0.486274 -0.564521 0.666973 
0.701181 -0.440066 0.56097 
0.49792 -0.563954 0.658811 
0.260726 -0.642336 0.720713 
0.0057683 -0.669869 0.742457 
-0.249591 -0.644677 0.722562 
-0.487937 -0.568477 0.662383 
0.700957 -0.445162 0.557217 
0.49727 -0.56896 0.654987 
0.259695 -0.647168 0.716752 
0.00441227 -0.674456 0.738302 
-0.251153 -0.648964 0.71817 
-0.489612 -0.57243 0.657727 
0.700687 -0.450287 0.553426 
0.496576 -0.573985 0.651117 
0.258625 -0.652011 0.712738 
0.00303893 -0.679046 0.734089 
-0.252736 -0.653249 0.713716 
-0.491297 -0.576377 0.653006 
0.699607 -0.465811 0.541822 
0.494241 -0.589156 0.639234 
0.255194 -0.666586 0.700385 
-0.00124306 -0.692824 0.721106 
-0.257598 -0.66608 0.699986 
-0.496397 -0.588179 0.638463 
0.699158 -0.471026 0.537878 
0.49338 -0.594237 0.635184 
0.25398 -0.671453 0.696165 
-0.00272434 -0.697411 0.716666 
-0.259251 -0.670344 0.695289 
-0.498106 -0.592096 0.633493 
0.698665 -0.476259 0.533896 
0.49248 -0.599326 0.631088 
0.252734 -0.67632 0.691894 
-0.00424006 -0.701994 0.71217 
-0.260916 -0.674599 0.690535 
-0.499816 -0.596002 0.628463 
0.698129 -0.481505 0.529876 
0.491542 -0.60442 0.626948 
0.251457 -0.681185 0.687573 
-0.00576301 -0.706569 0.707621 
-0.262593 -0.678843 0.685724 
-0.501526 -0.599896 0.623375 
0.697549 -0.486764 0.525819 
0.490565 -0.609517 0.622764 
0.250149 -0.686046 0.683203 
-0.00731292 -0.711135 0.703017 
-0.264278 -0.683075 0.680856 
-0.503233 -0.603777 0.618231 
0.695562 -0.502582 0.513425 
0.48742 -0.624805 0.609951 
0.246062 -0.700587 0.6698 
-0.0120674 -0.724763 0.688893 
-0.26937 -0.695686 0.665929 
-0.508318 -0.615337 0.602473 
0.694818 -0.507861 0.50922 
0.486304 -0.629892 0.605594 
0.24465 -0.705413 0.665237 
-0.0136778 -0.729276 0.684083 
-0.271073 -0.699856 0.660849 
-0.509995 -0.619158 0.597117 
0.694035 -0.513139 0.504978 
0.485157 -0.63497 0.601195 
0.243215 -0.710224 0.660627 
-0.0153024 -0.733772 0.679224 
-0.272775 -0.704008 0.655718 
-0.511659 -0.622963 0.591712 
0.693214 -0.518413 0.500701 
0.483978 -0.640038 0.596754 
0.24176 -0.71502 0.655971 
-0.0169342 -0.738248 0.674316 
-0.274474 -0.708141 0.650539 
-0.513309 -0.626749 0.586259 
0.692356 -0.523681 0.496387 
0.482771 -0.645093 0.592273 
0.240286 -0.719798 0.651271 
-0.0185741 -0.742705 0.669362 
-0.276168 -0.712252 0.645312 
-0.514942 -0.630517 0.580761 
0.689568 -0.539424 0.483236 
0.478991 -0.660157 0.578585 
0.23577 -0.734005 0.636906 
-0.023516 -0.755934 0.654225 
-0.281202 -0.724451 0.629361 
-0.519724 -0.641701 0.564009 
0.688572 -0.544643 0.478783 
0.477682 -0.665138 0.573944 
0.234239 -0.738692 0.632033 
-0.0251671 -0.760293 0.649093 
-0.282857 -0.728469 0.623959 
-0.521272 -0.645388 0.558346 
0.687544 -0.549843 0.474295 
0.476353 -0.670094 0.569264 
0.232699 -0.743352 0.627119 
-0.0268132 -0.764624 0.643919 
-0.284497 -0.73246 0.618517 
-0.522793 -0.649053 0.552646 
0.686485 -0.555022 0.469774 
0.475004 -0.675025 0.564547 
0.231151 -0.747983 0.622166 
-0.0284526 -0.768926 0.638705 
-0.28612 -0.736424 0.613037 
-0.524287 -0.652695 0.546912 
0.685397 -0.560179 0.465221 
0.473636 -0.679927 0.559793 
0.229597 -0.752584 0.617173 
-0.0300901 -0.773197 0.633452 
-0.287724 -0.740361 0.60752 
-0.525751 -0.656314 0.541144 
0.681974 -0.575483 0.451366 
0.469443 -0.694444 0.545317 
0.22492 -0.766184 0.601974 
-0.034931 -0.785814 0.617476 
-0.292401 -0.751995 0.590767 
-0.529944 -0.667032 0.523668 
0.680784 -0.580522 0.446686 
0.46802 -0.699214 0.540423 
0.223363 -0.770646 0.596837 
-0.0365169 -0.78995 0.612083 
-0.293908 -0.755811 0.585121 
-0.53127 -0.670556 0.517791 
0.679571 -0.585526 0.441976 
0.466589 -0.703945 0.535497 
0.221809 -0.775068 0.591667 
-0.0380879 -0.79405 0.606658 
-0.295387 -0.759596 0.579448 
-0.532557 -0.674055 0.511892 
0.678339 -0.590493 0.437236 
0.465149 -0.708635 0.530539 
0.220261 -0.779451 0.586466 
-0.0396371 -0.798112 0.601204 
-0.296835 -0.763349 0.573749 
-0.533803 -0.677529 0.505973 
0.677087 -0.59542 0.432467 
0.463705 -0.713284 0.525551 
0.218722 -0.783791 0.581234 
-0.0411668 -0.802136 0.595721 
-0.29825 -0.767068 0.568026 
-0.535008 -0.680977 0.500036 
0.673234 -0.609945 0.417998 
0.459354 -0.726961 0.510412 
0.214169 -0.796548 0.565369 
-0.0456101 -0.813964 0.579123 
-0.302282 -0.77802 0.550736 
-0.538353 -0.691168 0.482144 
0.671923 -0.614694 0.413124 
0.457905 -0.731425 0.505313 
0.212681 -0.800708 0.56003 
-0.0470358 -0.817822 0.573545 
-0.303549 -0.781601 0.544939 
-0.539374 -0.694512 0.476161 
0.670601 -0.619392 0.408225 
0.456459 -0.735838 0.500188 
0.21121 -0.80482 0.554667 
-0.048432 -0.821638 0.567949 
-0.304774 -0.785145 0.539129 
-0.540346 -0.697829 0.470171 
0.669269 -0.62404 0.403303 
0.455018 -0.740198 0.49504 
0.209759 -0.808882 0.549283 
-0.0497954 -0.825409 0.562335 
-0.305957 -0.788653 0.533307 
-0.541267 -0.70112 0.464178 
0.66793 -0.628633 0.398359 
0.453585 -0.744506 0.48987 
0.208329 -0.812893 0.543879 
-0.051125 -0.829135 0.556706 
-0.307094 -0.792124 0.527477 
-0.542136 -0.704384 0.458184 
0.663883 -0.642074 0.383407 
0.449344 -0.75709 0.474241 
0.204184 -0.824611 0.527566 
-0.0548925 -0.840035 0.539747 
-0.310227 -0.802312 0.509955 
-0.54442 -0.714012 0.44022 
0.66253 -0.646435 0.378386 
0.447957 -0.761168 0.468997 
0.202857 -0.828408 0.5221 
-0.0560682 -0.843574 0.534078 
-0.311172 -0.805632 0.504112 
-0.54507 -0.717167 0.434247 
0.661178 -0.650733 0.37335 
0.446586 -0.765185 0.463738 
0.20156 -0.83215 0.516624 
-0.0572022 -0.847065 0.528403 
-0.312067 -0.808913 0.498272 
-0.545664 -0.720294 0.428285 
0.659828 -0.654968 0.368298 
0.445232 -0.769141 0.458466 
0.200294 -0.835835 0.511138 
-0.058293 -0.850506 0.522725 
-0.312909 -0.812154 0.492436 
-0.546199 -0.723393 0.422337 
0.658482 -0.659138 0.363234 
0.443897 -0.773033 0.453183 
0.199062 -0.839462 0.505646 
-0.0593396 -0.853898 0.517046 
-0.313697 -0.815357 0.486608 
-0.546676 -0.726465 0.416406 
0.654485 -0.671239 0.347977 
0.440026 -0.784321 0.437284 
0.19558 -0.849991 0.489147 
-0.0621952 -0.863772 0.50003 
-0.315731 -0.824725 0.469193 
-0.547751 -0.735512 0.398737 
0.653171 -0.675133 0.342875 
0.438784 -0.787951 0.431974 
0.194495 -0.85338 0.483647 
-0.0630488 -0.866961 0.494372 
-0.316296 -0.827768 0.463419 
-0.547988 -0.738472 0.392898 
0.65187 -0.678954 0.337768 
0.43757 -0.791513 0.426661 
0.193451 -0.856708 0.47815 
-0.0638509 -0.870098 0.488725 
-0.316802 -0.83077 0.457665 
-0.548164 -0.741404 0.387088 
0.650582 -0.682702 0.332657 
0.436385 -0.795005 0.421349 
0.192449 -0.859975 0.472659 
-0.0646015 -0.873184 0.483091 
-0.31725 -0.833732 0.451933 
-0.548279 -0.744307 0.38131 
0.649309 -0.686376 0.327545 
0.43523 -0.798428 0.416038 
0.19149 -0.863179 0.467176 
-0.0653002 -0.876217 0.477472 
-0.317639 -0.836653 0.446226 
-0.548332 -0.747182 0.375567 
0.645598 -0.696941 0.312214 
0.431958 -0.808271 0.400137 
0.188881 -0.872415 0.450795 
-0.0670675 -0.885001 0.460734 
-0.318446 -0.84517 0.429278 
-0.548123 -0.755638 0.35857 
0.644401 -0.700307 0.307112 
0.430937 -0.811408 0.394854 
0.188105 -0.875366 0.445365 
-0.0675464 -0.887822 0.455202 
-0.318594 -0.847927 0.423695 
-0.54793 -0.7584 0.352991 
0.643227 -0.703594 0.302018 
0.429952 -0.814473 0.389584 
0.187377 -0.878254 0.439955 
-0.0679687 -0.890591 0.449698 
-0.318681 -0.850643 0.41815 
-0.547676 -0.761133 0.347459 
0.642076 -0.706802 0.296933 
0.429005 -0.817464 0.384328 
0.186697 -0.881077 0.434567 
-0.0683334 -0.893306 0.444225 
-0.318707 -0.853318 0.412644 
-0.547362 -0.763837 0.341977 
0.640951 -0.709929 0.29186 
0.428097 -0.820381 0.379089 
0.186068 -0.883835 0.429202 
-0.068641 -0.895967 0.438783 
-0.318672 -0.855951 0.40718 
-0.546986 -0.766513 0.336547 
0.63774 -0.718824 0.27673 
0.425615 -0.828687 0.363495 
0.184485 -0.891722 0.413277 
-0.0692174 -0.903631 0.422682 
-0.318202 -0.863604 0.391071 
-0.545503 -0.774367 0.320596 
0.636729 -0.721625 0.271725 
0.424872 -0.831307 0.358346 
0.184062 -0.894221 0.408033 
-0.0692926 -0.906078 0.417397 
-0.317925 -0.866072 0.385802 
-0.544891 -0.776928 0.3154 
0.635749 -0.724343 0.266741 
0.424174 -0.833852 0.353226 
0.183691 -0.896655 0.402825 
-0.0693097 -0.908472 0.412158 
-0.317587 -0.868499 0.380589 
-0.544221 -0.779459 0.310269 
0.634802 -0.726978 0.261782 
0.423519 -0.836321 0.348136 
0.183373 -0.899024 0.397656 
-0.0692689 -0.910813 0.406966 
-0.31719 -0.870885 0.375433 
-0.543495 -0.781961 0.305205 
0.633888 -0.72953 0.256849 
0.422909 -0.838716 0.343079 
0.183109 -0.901329 0.392528 
-0.0691688 -0.913101 0.401825 
-0.316733 -0.87323 0.370337 
-0.542713 -0.784434 0.30021 
0.631361 -0.736686 0.242235 
0.421359 -0.84545 0.328132 
0.182641 -0.907854 0.377416 
-0.0685226 -0.919645 0.386727 
-0.315017 -0.880018 0.355432 
-0.540043 -0.791676 0.285663 
0.630592 -0.738904 0.237432 
0.420936 -0.847546 0.323232 
0.182594 -0.909901 0.372477 
-0.0681916 -0.921721 0.381812 
-0.31433 -0.8822 0.3506 
-0.539048 -0.79403 0.280968 
0.629863 -0.741039 0.232667 
0.420562 -0.849567 0.318377 
0.182601 -0.911884 0.367593 
-0.0678043 -0.923745 0.37696 
-0.313589 -0.88434 0.34584 
-0.538003 -0.796355 0.276354 
0.629172 -0.743091 0.227943 
0.420236 -0.851513 0.31357 
0.182662 -0.913803 0.362764 
-0.0673608 -0.925716 0.372172 
-0.312793 -0.88644 0.341153 
-0.536909 -0.79865 0.271822 
0.628523 -0.745059 0.223262 
0.41996 -0.853386 0.308813 
0.182777 -0.91566 0.357994 
-0.0668609 -0.927636 0.367452 
-0.311943 -0.888499 0.336544 
-0.535766 -0.800915 0.267374 
0.626823 -0.750469 0.209498 
0.419427 -0.858565 0.294868 
0.183448 -0.920853 0.344059 
-0.0650334 -0.933087 0.353721 
-0.309082 -0.894434 0.323195 
-0.532067 -0.807529 0.254562 
0.626341 -0.752108 0.205012 
0.419349 -0.860146 0.290335 
0.183778 -0.92246 0.339548 
-0.0643165 -0.934803 0.349295 
-0.308028 -0.896333 0.318914 
-0.530748 -0.809672 0.250473 
0.625905 -0.753665 0.20058 
0.419322 -0.861656 0.285865 
0.184162 -0.924006 0.335107 
-0.0635468 -0.936468 0.344949 
-0.306926 -0.898191 0.31472 
-0.529388 -0.811785 0.24648 
0.625512 -0.755142 0.196204 
0.419344 -0.863094 0.28146 
0.184599 -0.925492 0.330739 
-0.0627272 -0.938083 0.340683 
-0.305777 -0.90001 0.310615 
-0.52799 -0.813867 0.242583 
0.625164 -0.756537 0.191888 
0.419417 -0.864461 0.277121 
0.185088 -0.926917 0.326446 
-0.0618556 -0.939649 0.336501 
-0.304583 -0.90179 0.306602 
-0.526554 -0.815918 0.238785 
0.624396 -0.760247 0.179317 
0.419939 -0.868145 0.26453 
0.186863 -0.930838 0.314043 
-0.058948 -0.944054 0.32448 
-0.300741 -0.906892 0.295131 
-0.522039 -0.821884 0.227996 
0.624233 -0.761326 0.175261 
0.420213 -0.869235 0.260483 
0.187555 -0.932029 0.310074 
-0.0578842 -0.945426 0.320654 
-0.299378 -0.908514 0.291503 
-0.52047 -0.82381 0.224608 
0.624117 -0.762327 0.171274 
0.420537 -0.870258 0.256513 
0.188298 -0.933162 0.306191 
-0.0567743 -0.94675 0.316923 
-0.297977 -0.910098 0.287977 
-0.518873 -0.825703 0.221326 
0.624049 -0.763252 0.167361 
0.420911 -0.871215 0.252625 
0.189088 -0.934238 0.302398 
-0.0556204 -0.948028 0.313288 
-0.296539 -0.911644 0.284553 
-0.517249 -0.827565 0.218152 
0.624029 -0.7641 0.163522 
0.421334 -0.872105 0.248819 
0.189927 -0.935259 0.298695 
-0.0544239 -0.949259 0.309751 
-0.295065 -0.91315 0.281235 
-0.515599 -0.829394 0.215088 
0.624255 -0.766196 0.152475 
0.4229 -0.874386 0.237918 
0.192724 -0.937991 0.28815 
-0.0505855 -0.952676 0.299748 
-0.290447 -0.917442 0.271922 
-0.510516 -0.834688 0.206567 
0.624428 -0.766748 0.148957 
0.423519 -0.875019 0.234464 
0.193748 -0.938794 0.28483 
-0.0492271 -0.953725 0.296622 
-0.288848 -0.918796 0.269037 
-0.508783 -0.836387 0.203954 
0.624648 -0.767227 0.145523 
0.424185 -0.87559 0.231103 
0.194815 -0.939544 0.281611 
-0.0478334 -0.95473 0.293604 
-0.28722 -0.920113 0.266265 
-0.507034 -0.838052 0.201458 
0.624918 -0.767635 0.142177 
0.424899 -0.8761 0.227837 
0.195924 -0.940242 0.278494 
-0.0464026 -0.95569 0.290694 
-0.285567 -0.921392 0.263607 
-0.50527 -0.839684 0.199078 
0.625235 -0.767973 0.13892 
0.42566 -0.876549 0.224668 
0.197077 -0.940889 0.275481 
-0.0449379 -0.956607 0.287895 
-0.283889 -0.922634 0.261064 
-0.503494 -0.841283 0.196817 
0.626479 -0.768571 0.129702 
0.428219 -0.87754 0.21576 
0.200776 -0.942526 0.267083 
-0.0403494 -0.959101 0.280173 
-0.278726 -0.926135 0.254138 
-0.498107 -0.845874 0.190752 
0.62699 -0.768635 0.12682 
0.429161 -0.877754 0.212997 
0.202086 -0.942973 0.264504 
-0.0387613 -0.959848 0.27783 
-0.276967 -0.927227 0.252068 
-0.496298 -0.847335 0.188973 
0.627549 -0.768633 0.124035 
0.430148 -0.877912 0.210339 
0.203433 -0.943373 0.262036 
-0.0371447 -0.960553 0.275604 
-0.275192 -0.928283 0.250119 
-0.494485 -0.848762 0.187317 
0.628156 -0.768567 0.121351 
0.431178 -0.878015 0.207788 
0.204817 -0.943724 0.259682 
-0.0355028 -0.961217 0.273497 
-0.273403 -0.929302 0.248292 
-0.49267 -0.850153 0.185784 
0.628809 -0.768435 0.118768 
0.432251 -0.878062 0.205345 
0.206235 -0.944029 0.257443 
-0.0338354 -0.961841 0.27151 
-0.2716 -0.930284 0.246588 
-0.490855 -0.851509 0.184375 
0.631051 -0.767666 0.111642 
0.435716 -0.877882 0.198685 
0.210687 -0.944666 0.251429 
-0.028701 -0.963469 0.266278 
-0.266131 -0.933008 0.242221 
-0.485426 -0.855359 0.180898 
0.631891 -0.767286 0.109479 
0.43695 -0.877717 0.196692 
0.212233 -0.944789 0.249662 
-0.0269474 -0.963932 0.26478 
-0.264293 -0.933842 0.241017 
-0.483626 -0.856568 0.17999 
0.632775 -0.766848 0.107425 
0.438224 -0.877501 0.194814 
0.213808 -0.944867 0.248016 
-0.0251798 -0.964356 0.263408 
-0.26245 -0.934639 0.239938 
-0.481835 -0.857741 0.179208 
0.633704 -0.76635 0.105481 
0.439534 -0.877235 0.193052 
0.21541 -0.944902 0.246493 
-0.0233932 -0.964741 0.26216 
-0.260604 -0.935399 0.238988 
-0.480053 -0.858876 0.178553 
0.634678 -0.765794 0.103648 
0.440881 -0.876919 0.191409 
0.217039 -0.944894 0.245092 
-0.0215937 -0.965087 0.261039 
-0.258755 -0.936122 0.238164 
-0.478283 -0.859972 0.178025 
0.637856 -0.763788 0.098827 
0.445132 -0.87568 0.187194 
0.222073 -0.944614 0.241635 
-0.0161203 -0.965893 0.25844 
-0.253215 -0.938066 0.236463 
-0.473053 -0.863029 0.177203 
0.638999 -0.763009 0.0974498 
0.446616 -0.875173 0.186031 
0.223795 -0.944438 0.240734 
-0.0142783 -0.966085 0.257829 
-0.251375 -0.938639 0.236153 
-0.471343 -0.863969 0.177183 
0.640183 -0.762177 0.0961889 
0.44813 -0.874619 0.18499 
0.225538 -0.944221 0.239959 
-0.0124255 -0.966239 0.257348 
-0.24954 -0.939173 0.235973 
-0.46965 -0.864868 0.17729 
0.641406 -0.761291 0.0950455 
0.449675 -0.874019 0.184073 
0.227299 -0.943963 0.239311 
-0.0105674 -0.966355 0.256995 
-0.247713 -0.93967 0.235921 
-0.467978 -0.865726 0.177523 
0.642668 -0.760354 0.0940202 
0.451249 -0.873375 0.183279 
0.229077 -0.943664 0.23879 
-0.00870818 -0.966433 0.256772 
-0.245895 -0.940128 0.235997 
-0.466327 -0.866543 0.177884 
0.646677 -0.757236 0.0916604 
0.456133 -0.871176 0.181645 
0.234503 -0.942531 0.237998 
-0.00311257 -0.966439 0.256878 
-0.240505 -0.941269 0.237001 
-0.461514 -0.868738 0.179719 
0.648084 -0.756098 0.0911149 
0.457811 -0.870357 0.181351 
0.236338 -0.942075 0.23799 
-0.00124862 -0.966365 0.257173 
-0.238736 -0.941571 0.237592 
-0.45996 -0.869383 0.180582 
0.649525 -0.754912 0.0906907 
0.459511 -0.869495 0.181183 
0.238182 -0.94158 0.238112 
0.00057792 -0.966252 0.257597 
-0.236981 -0.941832 0.238311 
-0.458434 -0.869983 0.181568 
0.650998 -0.753679 0.0903885 
0.461233 -0.868592 0.181141 
0.240036 -0.941045 0.238362 
0.00249608 -0.966102 0.25815 
-0.235244 -0.942053 0.239157 
-0.456937 -0.870538 0.182679 
0.652502 -0.752399 0.0902085 
0.462975 -0.867647 0.181226 
0.241896 -0.940473 0.238741 
0.00433541 -0.965913 0.258832 
-0.233526 -0.942233 0.240131 
-0.45547 -0.871048 0.183912 
0.657189 -0.748285 0.0904057 
0.468306 -0.864568 0.182241 
0.247509 -0.938524 0.240648 
0.00984605 -0.965113 0.261647 
-0.228492 -0.942523 0.243806 
-0.451256 -0.872293 0.188342 
